y(0.000000)=1.000000
y(0.100000)=1.105346
y(0.200000)=1.222889
y(0.300000)=1.355192
y(0.400000)=1.505323
