y(1.000000)=1.000000
y(1.100000)=0.995737
y(1.200000)=0.985268
y(1.300000)=0.971050
y(1.400000)=0.954631
y(1.500000)=0.936989
y(1.600000)=0.918766
y(1.700000)=0.900384
y(1.800000)=0.882120
y(1.900000)=0.864150
y(2.000000)=0.846590
y(2.100000)=0.829510
y(2.200000)=0.812951
y(2.300000)=0.796932
