y(1.000000)=1.000000
y(1.100000)=0.995700
y(1.200000)=0.985300
y(1.300000)=0.971000
y(1.400000)=0.954586
y(1.500000)=0.936947
y(1.600000)=0.918727
y(1.700000)=0.900347
y(1.800000)=0.882084
y(1.900000)=0.864116
y(2.000000)=0.846557
y(2.100000)=0.829478
