a = 0.000000, b = 3.000000, tolerance = 0.000100 
f(0.000000) = 6.000000, f(3.000000) = 0.000000 
