Solution of the given problem is: 
   x(1) = 1.666666
   x(2) = 4.166667
   x(3) = 6.500000
