y(1.000000)=1.000000
y(1.100000)=0.995737
y(1.200000)=0.985268
y(1.300000)=0.971050
y(1.400000)=0.954626
y(1.500000)=0.936978
y(1.600000)=0.918756
y(1.700000)=0.900371
y(1.800000)=0.882107
y(1.900000)=0.864136
y(2.000000)=0.846577
y(2.100000)=0.829496
y(2.200000)=0.812939
y(2.300000)=0.796919
