y(1.000000)=2.000000
y(1.125000)=2.531238
y(1.250000)=3.124977
y(1.500000)=4.499966
y(1.625000)=5.281204
y(1.750000)=6.124952
y(1.875000)=7.031190
y(2.000000)=7.999937
y(2.125000)=9.031175
y(2.250000)=10.124920
y(2.375000)=11.281157
y(2.500000)=12.499901
y(2.625000)=13.781137
