y(0.000000)=2.000000
y(0.100000)=2.110359
y(0.200000)=2.243091
y(0.300000)=2.401220
y(0.400000)=2.588606
