y(0.000000)=2.000000
y(0.100000)=2.110359
y(0.200000)=2.243091
y(0.300000)=2.401220
y(0.400000)=2.588606
y(0.500000)=2.810123
y(0.600000)=3.071896
y(0.700000)=3.381609
y(0.800000)=3.748915
y(0.900000)=4.185967
y(1.000000)=4.708127
